2 0.1890625 0.19140625 0.053125 0.0828125
2 0.18125 0.02421875 0.053125 0.0484375
2 0.209375 0.265625 0.0625 0.0890625
3 0.67578125 0.29921875 0.021875 0.1109375
2 0.2359375 0.3296875 0.0671875 0.0703125
2 0.46015625 0.353125 0.071875 0.1140625
3 0.3890625 0.37734375 0.0296875 0.11875
2 0.22734375 0.4234375 0.0953125 0.146875
3 0.0375 0.4671875 0.0671875 0.115625
2 0.546875 0.66015625 0.0875 0.1515625
3 0.1875 0.06953125 0.0203125 0.071875
2 0.08203125 0.80625 0.0890625 0.1703125
2 0.3765625 0.8234375 0.0859375 0.159375
2 0.6203125 0.87890625 0.04375 0.1859375
2 0.74609375 0.8890625 0.1375 0.1875
1 0.478125 0.9046875 0.2265625 0.1875
2 0.1203125 0.9484375 0.128125 0.1015625
3 0.19453125 0.1 0.021875 0.0828125