2 0.30546875 0.1046875 0.0578125 0.0890625
2 0.22109375 0.2953125 0.0609375 0.0953125
3 0.22734375 0.35078125 0.025 0.115625
2 0.265625 0.39453125 0.0703125 0.115625
2 0.4640625 0.64296875 0.096875 0.1515625
2 0.55859375 0.546875 0.0921875 0.1390625
2 0.49140625 0.43515625 0.0765625 0.1109375
2 0.08203125 0.8078125 0.0890625 0.1703125
2 0.11875 0.9484375 0.128125 0.1015625
2 0.75625 0.9046875 0.1203125 0.1859375
2 0.59609375 0.94375 0.121875 0.1109375
3 0.7140625 0.30859375 0.0171875 0.1015625
3 0.7390625 0.3078125 0.0203125 0.10625
3 0.85546875 0.51796875 0.021875 0.125