3 0.2984375 0.18125 0.021875 0.0890625
2 0.22265625 0.1875 0.053125 0.0890625
2 0.38359375 0.2046875 0.0796875 0.1640625
3 0.3234375 0.2328125 0.0234375 0.071875
2 0.203125 0.02734375 0.040625 0.0546875
2 0.21015625 0.2796875 0.065625 0.10625
2 0.32578125 0.31875 0.0703125 0.1078125
3 0.2390625 0.353125 0.025 0.0859375
0 0.23203125 0.3921875 0.021875 0.10625
2 0.38203125 0.4390625 0.071875 0.1328125
3 0.18515625 0.05546875 0.0171875 0.071875
3 0.0515625 0.05625 0.0140625 0.065625
1 0.328125 0.6 0.1703125 0.41875
4 0.4953125 0.6546875 0.1546875 0.3828125
2 0.64765625 0.7078125 0.121875 0.2
2 0.08203125 0.8078125 0.0984375 0.184375
3 0.56640625 0.0875 0.0140625 0.04375
2 0.775 0.92578125 0.1296875 0.146875
2 0.1203125 0.9484375 0.125 0.1015625
2 0.3265625 0.1359375 0.0390625 0.06875