2 0.19140625 0.01796875 0.0453125 0.0359375
2 0.2234375 0.1828125 0.0609375 0.084375
3 0.61796875 0.32421875 0.021875 0.11875
0 0.92421875 0.3328125 0.0203125 0.13125
3 0.05625 0.35078125 0.0265625 0.1140625
0 0.759375 0.3859375 0.05625 0.1234375
3 0.8265625 0.50625 0.025 0.075
3 0.8578125 0.5140625 0.0203125 0.0828125
2 0.5875 0.5921875 0.1015625 0.1453125
2 0.4625 0.61875 0.0984375 0.146875
3 0.12109375 0.640625 0.0359375 0.1421875
2 0.0828125 0.80078125 0.09375 0.1515625
3 0.5671875 0.084375 0.0140625 0.04375
2 0.1203125 0.94921875 0.1234375 0.0984375
2 0.1546875 0.103125 0.0515625 0.075