2 0.328125 0.14453125 0.0515625 0.0796875
2 0.259375 0.01953125 0.040625 0.0390625
2 0.3734375 0.234375 0.065625 0.0890625
3 0.0609375 0.2828125 0.0203125 0.0890625
2 0.1953125 0.0296875 0.05625 0.059375
3 0.60546875 0.334375 0.021875 0.1109375
3 0.66328125 0.353125 0.0203125 0.1015625
3 0.078125 0.4171875 0.021875 0.11875
3 0.49296875 0.0453125 0.0140625 0.065625
2 0.5109375 0.47578125 0.0890625 0.128125
1 0.13359375 0.04921875 0.065625 0.0984375
3 0.79921875 0.51796875 0.025 0.125
2 0.66328125 0.71171875 0.1140625 0.159375
2 0.540625 0.7609375 0.128125 0.2046875
2 0.08203125 0.80546875 0.0890625 0.1703125
0 0.92421875 0.93046875 0.04375 0.1375
2 0.11875 0.9484375 0.125 0.1015625
0 0.98046875 0.9625 0.0390625 0.071875
2 0.2359375 0.1 0.0484375 0.075