3 0.05859375 0.134375 0.009375 0.0625
3 0.0796875 0.13828125 0.0125 0.0578125
3 0.2671875 0.1671875 0.021875 0.0921875
2 0.35234375 0.18984375 0.0546875 0.0890625
2 0.35078125 0.3734375 0.075 0.1109375
0 0.5734375 0.4125 0.0265625 0.1234375
3 0.9390625 0.35 0.0171875 0.1015625
3 0.959375 0.34765625 0.025 0.1078125
2 0.5921875 0.896875 0.1453125 0.2046875
2 0.584375 0.65234375 0.09375 0.1453125
2 0.08203125 0.8078125 0.0890625 0.1703125
3 0.1578125 0.8578125 0.0296875 0.134375
3 0.1890625 0.8578125 0.0296875 0.134375
2 0.11875 0.9484375 0.128125 0.1015625