2 0.29453125 0.22578125 0.0671875 0.09375
2 0.1890625 0.0265625 0.0453125 0.053125
2 0.21875 0.2953125 0.065625 0.1015625
3 0.47578125 0.34609375 0.0359375 0.1109375
3 0.9640625 0.384375 0.0671875 0.115625
2 0.40390625 0.5015625 0.0828125 0.1328125
3 0.52265625 0.553125 0.034375 0.146875
3 0.63359375 0.5921875 0.040625 0.15
2 0.46171875 0.6046875 0.1015625 0.1375
2 0.5015625 0.7171875 0.0796875 0.1515625
2 0.08671875 0.7921875 0.09375 0.1609375
4 0.60546875 0.8234375 0.1828125 0.3390625
2 0.77265625 0.9125 0.1296875 0.1734375
2 0.1203125 0.946875 0.1296875 0.10625
2 0.2203125 0.13125 0.05625 0.0828125