2 0.384375 0.24609375 0.0625 0.09375
3 0.578125 0.25234375 0.0171875 0.0875
2 0.32421875 0.28828125 0.0671875 0.096875
2 0.20078125 0.03125 0.053125 0.0625
3 0.60703125 0.3328125 0.0171875 0.115625
3 0.1203125 0.3765625 0.0203125 0.1015625
3 0.06484375 0.4046875 0.0484375 0.084375
3 0.96640625 0.41484375 0.021875 0.1015625
2 0.24375 0.4203125 0.0703125 0.10625
3 0.984375 0.4265625 0.0125 0.0796875
2 0.3921875 0.46484375 0.0828125 0.1109375
2 0.08203125 0.8078125 0.0890625 0.1703125
3 0.7984375 0.8453125 0.0359375 0.159375
3 0.26953125 0.9109375 0.034375 0.159375
2 0.11875 0.9484375 0.125 0.1015625