4 0.525 0.5859375 0.0265625 0.075
2 0.7390625 0.4546875 0.046875 0.10625
2 0.4703125 0.6984375 0.153125 0.1765625
2 0.80703125 0.465625 0.046875 0.071875
1 0.2046875 0.5234375 0.109375 0.1578125
4 0.459375 0.4078125 0.015625 0.0546875
2 0.80703125 0.390625 0.0765625 0.0734375
2 0.6765625 0.29609375 0.0296875 0.0375
2 0.73515625 0.26953125 0.01875 0.025
4 0.65859375 0.4171875 0.0171875 0.0609375
2 0.6671875 0.35 0.0375 0.0796875
3 0.54765625 0.37578125 0.0265625 0.0515625
2 0.778125 0.46015625 0.109375 0.103125
4 0.47734375 0.75546875 0.0390625 0.1640625
4 0.62578125 0.64609375 0.03125 0.11875
4 0.63671875 0.575 0.025 0.0890625
4 0.684375 0.4125 0.01875 0.075
4 0.7203125 0.39375 0.015625 0.05625
4 0.86640625 0.44453125 0.0203125 0.075
4 0.31484375 0.54140625 0.015625 0.0765625
4 0.33671875 0.54296875 0.0265625 0.08125
4 0.253125 0.46875 0.015625 0.0625
4 0.0796875 0.5546875 0.015625 0.0671875