2 0.1671875 0.52265625 0.053125 0.075
2 0.6546875 0.43125 0.0515625 0.1078125
4 0.45859375 0.42890625 0.0140625 0.06875
2 0.66171875 0.36640625 0.0328125 0.03125
2 0.66875 0.32734375 0.028125 0.046875
4 0.7046875 0.49140625 0.0203125 0.071875
2 0.75 0.359375 0.028125 0.04375
4 0.784375 0.86171875 0.0203125 0.153125
4 0.81640625 0.85 0.0234375 0.1734375
4 0.90703125 0.65546875 0.021875 0.1
4 0.79375 0.64375 0.0109375 0.1203125
4 0.80390625 0.6265625 0.015625 0.125
4 0.53984375 0.63125 0.0171875 0.121875
4 0.52734375 0.58046875 0.0203125 0.0953125
4 0.48046875 0.5421875 0.0140625 0.071875
4 0.4984375 0.53671875 0.015625 0.1
4 0.428125 0.51796875 0.0234375 0.0859375
4 0.340625 0.50234375 0.0140625 0.08125
4 0.409375 0.459375 0.01875 0.0765625
0 0.54140625 0.39765625 0.0171875 0.0453125
0 0.49765625 0.35390625 0.021875 0.0390625
0 0.6703125 0.49921875 0.015625 0.0640625
0 0.70390625 0.51640625 0.021875 0.0609375
4 0.67421875 0.46640625 0.0171875 0.06875
4 0.6125 0.37109375 0.0125 0.065625
4 0.578125 0.3828125 0.009375 0.0578125
4 0.5671875 0.3796875 0.0109375 0.0578125
4 0.5578125 0.3828125 0.0078125 0.0546875
4 0.74921875 0.421875 0.0125 0.0640625
4 0.378125 0.434375 0.009375 0.0640625
4 0.39921875 0.43125 0.009375 0.0625