2 0.8328125 0.52265625 0.053125 0.075
2 0.3453125 0.43125 0.0515625 0.1078125
4 0.54140625 0.42890625 0.0140625 0.06875
2 0.33828125 0.36640625 0.0328125 0.03125
2 0.33125 0.32734375 0.028125 0.046875
4 0.2953125 0.49140625 0.0203125 0.071875
2 0.25 0.359375 0.028125 0.04375
4 0.215625 0.86171875 0.0203125 0.153125
4 0.18359375 0.85 0.0234375 0.1734375
4 0.09296875 0.65546875 0.021875 0.1
4 0.20625 0.64375 0.0109375 0.1203125
4 0.19609375 0.6265625 0.015625 0.125
4 0.46015625 0.63125 0.0171875 0.121875
4 0.47265625 0.58046875 0.0203125 0.0953125
4 0.51953125 0.5421875 0.0140625 0.071875
4 0.5015625 0.53671875 0.015625 0.1
4 0.571875 0.51796875 0.0234375 0.0859375
4 0.659375 0.50234375 0.0140625 0.08125
4 0.590625 0.459375 0.01875 0.0765625
0 0.45859375 0.39765625 0.0171875 0.0453125
0 0.50234375 0.35390625 0.021875 0.0390625
0 0.3296875 0.49921875 0.015625 0.0640625
0 0.29609375 0.51640625 0.021875 0.0609375
4 0.32578125 0.46640625 0.0171875 0.06875
4 0.3875 0.37109375 0.0125 0.065625
4 0.421875 0.3828125 0.009375 0.0578125
4 0.4328125 0.3796875 0.0109375 0.0578125
4 0.4421875 0.3828125 0.0078125 0.0546875
4 0.25078125 0.421875 0.0125 0.0640625
4 0.621875 0.434375 0.009375 0.0640625
4 0.60078125 0.43125 0.009375 0.0625