2 0.26328125 0.68046875 0.1078125 0.1296875
1 0.2140625 0.5390625 0.1046875 0.159375
1 0.346875 0.59296875 0.15625 0.1921875
2 0.03203125 0.67578125 0.0578125 0.1125
1 0.02734375 0.45390625 0.053125 0.1203125
2 0.64609375 0.44140625 0.053125 0.1203125
4 0.5078125 0.7015625 0.025 0.1109375
2 0.7390625 0.4703125 0.0515625 0.0953125
4 0.70625 0.36953125 0.021875 0.0546875
2 0.15625 0.521875 0.0265625 0.071875
4 0.51640625 0.48046875 0.0203125 0.0734375
2 0.66171875 0.3640625 0.03125 0.034375
2 0.0125 0.4984375 0.0234375 0.0546875
4 0.6515625 0.5828125 0.025 0.0828125
4 0.540625 0.7421875 0.03125 0.1203125
2 0.0921875 0.54453125 0.0984375 0.115625
4 0.5828125 0.4421875 0.015625 0.0515625
4 0.040625 0.60546875 0.0171875 0.05625
2 0.66875 0.33203125 0.025 0.034375
2 0.796875 0.50859375 0.046875 0.0828125
2 0.74453125 0.3640625 0.03125 0.0625
2 0.65390625 0.4046875 0.0484375 0.065625
4 0.43359375 0.41875 0.0125 0.0453125
4 0.16953125 0.46171875 0.0140625 0.040625
4 0.50390625 0.38125 0.0140625 0.0484375
2 0.94375 0.86171875 0.103125 0.2171875
4 0.5640625 0.740625 0.0203125 0.13125
4 0.65546875 0.69375 0.0265625 0.1296875
4 0.78203125 0.63515625 0.028125 0.078125
3 0.7796875 0.68203125 0.0546875 0.09375
4 0.89375 0.61953125 0.01875 0.1140625
4 0.45703125 0.5484375 0.025 0.1078125
4 0.73984375 0.6046875 0.0203125 0.109375
4 0.20234375 0.89375 0.0421875 0.171875
4 0.1984375 0.96015625 0.028125 0.0796875