4 0.475 0.5859375 0.0265625 0.075
2 0.2609375 0.4546875 0.046875 0.10625
2 0.5296875 0.6984375 0.153125 0.1765625
2 0.19296875 0.465625 0.046875 0.071875
1 0.7953125 0.5234375 0.109375 0.1578125
4 0.540625 0.4078125 0.015625 0.0546875
2 0.19296875 0.390625 0.0765625 0.0734375
2 0.3234375 0.29609375 0.0296875 0.0375
2 0.26484375 0.26953125 0.01875 0.025
4 0.34140625 0.4171875 0.0171875 0.0609375
2 0.3328125 0.35 0.0375 0.0796875
3 0.45234375 0.37578125 0.0265625 0.0515625
2 0.221875 0.46015625 0.109375 0.103125
4 0.52265625 0.75546875 0.0390625 0.1640625
4 0.37421875 0.64609375 0.03125 0.11875
4 0.36328125 0.575 0.025 0.0890625
4 0.315625 0.4125 0.01875 0.075
4 0.2796875 0.39375 0.015625 0.05625
4 0.13359375 0.44453125 0.0203125 0.075
4 0.68515625 0.54140625 0.015625 0.0765625
4 0.66328125 0.54296875 0.0265625 0.08125
4 0.746875 0.46875 0.015625 0.0625
4 0.9203125 0.5546875 0.015625 0.0671875