2 0.2046875 0.55625 0.0828125 0.11875
2 0.70390625 0.55 0.1015625 0.103125
2 0.4890625 0.5328125 0.1078125 0.1046875
2 0.11875 0.6375 0.059375 0.1546875
2 0.30390625 0.76875 0.128125 0.2546875
2 0.0734375 0.48671875 0.059375 0.1140625
2 0.57421875 0.3546875 0.0421875 0.0703125
2 0.459375 0.36171875 0.0640625 0.05625
4 0.8546875 0.47265625 0.015625 0.0671875
2 0.7 0.3640625 0.03125 0.0546875
2 0.06484375 0.3828125 0.0296875 0.04375
2 0.61953125 0.34609375 0.028125 0.0609375
2 0.10625 0.3765625 0.0359375 0.040625
2 0.64921875 0.37734375 0.0359375 0.0625
2 0.83984375 0.3046875 0.03125 0.0640625
4 0.371875 0.39375 0.015625 0.053125
2 0.24375 0.3828125 0.0765625 0.06875
2 0.665625 0.340625 0.0328125 0.0546875
2 0.7046875 0.3265625 0.0234375 0.0359375
4 0.515625 0.478125 0.0171875 0.0609375
4 0.86875 0.4078125 0.0125 0.0546875
2 0.690625 0.2796875 0.0171875 0.0359375
4 0.77734375 0.44296875 0.015625 0.071875
4 0.9609375 0.4390625 0.015625 0.053125
2 0.59921875 0.3046875 0.0359375 0.0515625
4 0.53125 0.43046875 0.0171875 0.0703125
4 0.50078125 0.4734375 0.0125 0.0375
0 0.36484375 0.3546875 0.021875 0.0484375
4 0.334375 0.43984375 0.0171875 0.0703125
2 0.04140625 0.41328125 0.0328125 0.040625
2 0.0109375 0.42265625 0.021875 0.0453125
2 0.6375 0.31875 0.0234375 0.05625
2 0.65859375 0.28515625 0.0234375 0.0359375