2 0.33125 0.79609375 0.1390625 0.2
2 0.18203125 0.51953125 0.059375 0.1015625
0 0.728125 0.48828125 0.040625 0.0765625
2 0.88359375 0.39296875 0.0296875 0.0484375
2 0.40859375 0.2828125 0.053125 0.046875
2 0.90625 0.45234375 0.0359375 0.071875
2 0.296875 0.2734375 0.0328125 0.034375
2 0.61875 0.29140625 0.05625 0.0453125
2 0.86015625 0.428125 0.0359375 0.0625
2 0.05703125 0.30078125 0.0171875 0.034375
4 0.871875 0.48046875 0.0171875 0.065625
2 0.93984375 0.36640625 0.021875 0.0375
0 0.5546875 0.34765625 0.025 0.05625
2 0.76328125 0.28671875 0.0296875 0.0375
2 0.09296875 0.315625 0.0203125 0.0390625
2 0.12734375 0.3265625 0.025 0.040625
4 0.7203125 0.396875 0.0140625 0.0546875
2 0.19375 0.26015625 0.0203125 0.0375
2 0.04140625 0.34375 0.0171875 0.0359375
2 0.24296875 0.25078125 0.01875 0.0390625
4 0.821875 0.43984375 0.0125 0.05625
2 0.9484375 0.2984375 0.0171875 0.0375
2 0.275 0.22109375 0.0234375 0.03125
4 0.0984375 0.49140625 0.01875 0.0578125
2 0.96953125 0.31484375 0.0125 0.034375
4 0.66015625 0.34609375 0.0109375 0.046875