2 0.42109375 0.67421875 0.109375 0.190625
2 0.796875 0.7125 0.1109375 0.1828125
2 0.128125 0.46328125 0.053125 0.071875
2 0.6203125 0.44453125 0.046875 0.103125
2 0.68671875 0.41328125 0.0359375 0.0765625
2 0.03671875 0.46953125 0.0390625 0.065625
2 0.08515625 0.4828125 0.0421875 0.0703125
2 0.5609375 0.35078125 0.0484375 0.103125
2 0.65703125 0.3703125 0.03125 0.059375
2 0.59921875 0.37578125 0.046875 0.109375
2 0.70703125 0.32421875 0.0296875 0.0578125
4 0.02890625 0.55625 0.0171875 0.0703125
4 0.31796875 0.3671875 0.0203125 0.06875
4 0.92578125 0.48984375 0.0203125 0.0796875
4 0.878125 0.453125 0.0125 0.0671875
2 0.628125 0.334375 0.0234375 0.0546875
2 0.05234375 0.415625 0.0359375 0.0515625
2 0.4328125 0.88359375 0.1390625 0.1328125
2 0.0125 0.40234375 0.025 0.040625
2 0.64453125 0.30625 0.025 0.046875
2 0.68671875 0.28203125 0.0234375 0.046875
2 0.659375 0.28046875 0.01875 0.0390625
2 0.06171875 0.36484375 0.028125 0.034375
4 0.4671875 0.39375 0.015625 0.0578125