2 0.6421875 0.5359375 0.121875 0.125
2 0.18359375 0.53984375 0.0671875 0.13125
2 0.803125 0.50703125 0.0734375 0.09375
2 0.1140625 0.63984375 0.059375 0.1453125
2 0.21796875 0.44765625 0.0703125 0.0796875
2 0.13359375 0.46875 0.05 0.0859375
2 0.06953125 0.49921875 0.0453125 0.0875
2 0.8484375 0.41953125 0.034375 0.06875
2 0.64921875 0.38125 0.0359375 0.0625
2 0.60859375 0.37265625 0.034375 0.0609375
2 0.68828125 0.378125 0.0328125 0.05625
2 0.025 0.44140625 0.0390625 0.05625
2 0.565625 0.359375 0.0375 0.0625
0 0.53984375 0.4046875 0.03125 0.0609375
2 0.87890625 0.334375 0.028125 0.05
2 0.6984375 0.33984375 0.0265625 0.0390625
2 0.5890625 0.33125 0.0328125 0.05625
4 0.63359375 0.42421875 0.0171875 0.0609375
4 0.7109375 0.434375 0.0140625 0.075
4 0.46171875 0.3953125 0.015625 0.0625
2 0.834375 0.28515625 0.0234375 0.0546875
2 0.646875 0.29140625 0.025 0.0328125
2 0.70546875 0.3140625 0.0234375 0.028125
2 0.11953125 0.43046875 0.05625 0.0515625
2 0.66171875 0.33359375 0.0296875 0.0359375
2 0.071875 0.3640625 0.03125 0.0359375
4 0.515625 0.3859375 0.0125 0.0515625
4 0.7828125 0.43515625 0.0125 0.0703125
4 0.49296875 0.38671875 0.0125 0.0515625
2 0.19296875 0.38828125 0.040625 0.0359375
2 0.63203125 0.32109375 0.021875 0.034375
2 0.00859375 0.41015625 0.0171875 0.0515625
4 0.71484375 0.4328125 0.0125 0.075