2 0.290625 0.54375 0.125 0.1015625
2 0.7640625 0.8125 0.084375 0.2265625
2 0.90859375 0.5140625 0.05625 0.1421875
2 0.35703125 0.87109375 0.1640625 0.18125
2 0.9734375 0.43671875 0.040625 0.0609375
2 0.34921875 0.38046875 0.0375 0.0640625
2 0.434375 0.359375 0.0375 0.059375
2 0.3140625 0.378125 0.0328125 0.05625
4 0.61875 0.35234375 0.015625 0.0546875
4 0.40859375 0.4203125 0.0140625 0.065625
4 0.15703125 0.45 0.0140625 0.0625
2 0.3890625 0.3734375 0.0375 0.0609375
2 0.30078125 0.340625 0.0265625 0.04375
2 0.1203125 0.3359375 0.028125 0.05
0 0.546875 0.3859375 0.0265625 0.0453125
2 0.4109375 0.33125 0.0328125 0.0546875
2 0.18125 0.37734375 0.0328125 0.0640625
2 0.39296875 0.28125 0.021875 0.0359375
2 0.93046875 0.478125 0.046875 0.0828125
4 0.5484375 0.36640625 0.0125 0.046875
2 0.1921875 0.32109375 0.025 0.0453125
4 0.48359375 0.4 0.0171875 0.05625
2 0.9515625 0.3640625 0.028125 0.0390625
2 0.184375 0.28515625 0.0171875 0.03125
4 0.0234375 0.521875 0.0140625 0.071875
2 0.353125 0.290625 0.025 0.0359375
2 0.3390625 0.3328125 0.0296875 0.0421875
4 0.66953125 0.36796875 0.0125 0.0453125
4 0.9875 0.53984375 0.015625 0.065625
2 0.36328125 0.3234375 0.021875 0.0375
2 0.4609375 0.3328125 0.0359375 0.0484375
2 0.9890625 0.40078125 0.021875 0.05625