2 0.14765625 0.46171875 0.053125 0.071875
2 0.221875 0.44765625 0.0703125 0.0890625
4 0.66640625 0.421875 0.01875 0.0625
2 0.10390625 0.4390625 0.034375 0.05625
2 0.08984375 0.49453125 0.0390625 0.084375
4 0.86875 0.459375 0.0140625 0.0671875
4 0.46484375 0.3859375 0.0171875 0.065625
4 0.49453125 0.3875 0.015625 0.0578125
2 0.06640625 0.4609375 0.0328125 0.0578125
2 0.33203125 0.3765625 0.0703125 0.0609375
2 0.0234375 0.4125 0.0328125 0.0546875
2 0.1171875 0.3734375 0.034375 0.040625
2 0.0484375 0.43671875 0.028125 0.0421875
2 0.071875 0.41796875 0.028125 0.040625
2 0.00703125 0.39921875 0.0140625 0.05
4 0.70859375 0.4078125 0.0125 0.0671875
4 0.24296875 0.4765625 0.021875 0.0703125
2 0.65390625 0.31328125 0.028125 0.046875
3 0.7265625 0.4421875 0.0453125 0.0609375