2 0.1390625 0.425 0.0359375 0.0625
2 0.10390625 0.3546875 0.03125 0.065625
2 0.0890625 0.4484375 0.034375 0.06875
2 0.9109375 0.328125 0.0234375 0.046875
4 0.4875 0.3328125 0.015625 0.053125
2 0.0671875 0.315625 0.01875 0.0421875
2 0.87265625 0.3390625 0.0265625 0.0421875
2 0.0765625 0.41796875 0.028125 0.053125
4 0.596875 0.271875 0.0125 0.0421875
2 0.0453125 0.42265625 0.025 0.05
2 0.0515625 0.3421875 0.0171875 0.0359375
2 0.7375 0.23359375 0.021875 0.0296875
2 0.959375 0.3453125 0.0203125 0.0390625
4 0.4390625 0.309375 0.0125 0.0421875
2 0.1203125 0.39765625 0.0265625 0.0453125
2 0.04375 0.31953125 0.015625 0.025
4 0.6078125 0.259375 0.009375 0.0375
3 0.05546875 0.47890625 0.021875 0.0625
3 0.1109375 0.4265625 0.01875 0.05