2 0.1828125 0.59609375 0.1171875 0.140625
2 0.68984375 0.815625 0.1375 0.2109375
2 0.31875 0.290625 0.0453125 0.0421875
2 0.0921875 0.45 0.0359375 0.071875
4 0.8890625 0.75703125 0.0328125 0.10625
2 0.13828125 0.425 0.0375 0.0671875
2 0.228125 0.95625 0.209375 0.0828125
2 0.9140625 0.31484375 0.021875 0.034375
2 0.1046875 0.35546875 0.03125 0.0609375
2 0.0765625 0.41796875 0.0265625 0.05
2 0.9296875 0.275 0.0171875 0.0359375
2 0.73828125 0.234375 0.025 0.0296875
4 0.43828125 0.31875 0.0125 0.0390625
2 0.04765625 0.31875 0.0171875 0.0234375
4 0.4046875 0.3515625 0.015625 0.05
2 0.11953125 0.39453125 0.025 0.0453125
4 0.546875 0.296875 0.0140625 0.05625
2 0.959375 0.3453125 0.0203125 0.0390625
4 0.41875 0.2890625 0.0125 0.0421875
4 0.509375 0.2875 0.0125 0.0453125