2 0.19765625 0.4578125 0.0609375 0.071875
2 0.9265625 0.68984375 0.0734375 0.1671875
2 0.08203125 0.43359375 0.040625 0.0640625
2 0.1390625 0.478125 0.053125 0.0921875
2 0.85859375 0.4515625 0.0375 0.071875
2 0.07109375 0.49609375 0.04375 0.09375
2 0.884375 0.8546875 0.0921875 0.1859375
2 0.60390625 0.36796875 0.0375 0.0609375
2 0.6640625 0.35390625 0.0359375 0.0828125
2 0.8015625 0.39375 0.03125 0.075
2 0.6953125 0.3859375 0.034375 0.0625
2 0.11875 0.409375 0.0421875 0.0484375
2 0.04609375 0.46640625 0.03125 0.0625
2 0.621875 0.33828125 0.0328125 0.05625
4 0.01796875 0.61875 0.0203125 0.075
2 0.278125 0.38984375 0.071875 0.0515625
4 0.74140625 0.49140625 0.015625 0.0796875
2 0.703125 0.3484375 0.034375 0.046875
4 0.5703125 0.4015625 0.0140625 0.0640625
2 0.09765625 0.55703125 0.0546875 0.1140625
4 0.44296875 0.36875 0.0125 0.0484375
2 0.71015625 0.31328125 0.028125 0.046875
2 0.67421875 0.31171875 0.0296875 0.0375
2 0.88984375 0.3640625 0.04375 0.0734375
2 0.04609375 0.4125 0.0359375 0.05625
2 0.578125 0.2953125 0.0328125 0.0515625
3 0.14765625 0.53515625 0.028125 0.0765625
4 0.325 0.36015625 0.0109375 0.05
4 0.42265625 0.36953125 0.0125 0.0484375
4 0.57734375 0.396875 0.0109375 0.0609375
2 0.68828125 0.2703125 0.01875 0.0359375
2 0.6078125 0.2703125 0.0234375 0.0375
2 0.6453125 0.2421875 0.015625 0.028125
2 0.79765625 0.2859375 0.01875 0.0359375
2 0.68203125 0.2359375 0.01875 0.025