2 0.4828125 0.7390625 0.171875 0.3953125
2 0.903125 0.553125 0.05625 0.109375
2 0.73125 0.38515625 0.0703125 0.0578125
2 0.8046875 0.45625 0.0609375 0.0703125
2 0.9296875 0.496875 0.0453125 0.096875
2 0.8890625 0.84609375 0.20625 0.3078125
2 0.3828125 0.4453125 0.05 0.084375
2 0.3421875 0.3796875 0.040625 0.0828125
2 0.9546875 0.465625 0.0375 0.0625
2 0.8671875 0.475 0.059375 0.0953125
2 0.3 0.35703125 0.03125 0.0625
2 0.33515625 0.29296875 0.0265625 0.046875
4 0.10234375 0.471875 0.015625 0.0671875
2 0.4765625 0.34375 0.053125 0.0515625
0 0.6171875 0.475 0.0421875 0.0796875
4 0.240625 0.43984375 0.015625 0.0640625
2 0.29375 0.271875 0.0203125 0.0390625
3 0.85703125 0.5765625 0.0265625 0.0859375
0 0.25390625 0.48046875 0.04375 0.071875
4 0.54921875 0.40546875 0.01875 0.0640625
2 0.12265625 0.325 0.021875 0.040625