2 0.94765625 0.47265625 0.0453125 0.084375
2 0.90859375 0.509375 0.046875 0.1015625
2 0.3890625 0.36796875 0.0375 0.0609375
2 0.85 0.428125 0.0578125 0.065625
2 0.3359375 0.34140625 0.0328125 0.0484375
2 0.07734375 0.4296875 0.0484375 0.109375
2 0.9421875 0.35859375 0.0296875 0.034375
2 0.4140625 0.296875 0.0296875 0.040625
4 0.459375 0.3890625 0.0171875 0.0625
4 0.31796875 0.43984375 0.0140625 0.065625
2 0.315625 0.28046875 0.0234375 0.040625
4 0.6890625 0.3546875 0.0171875 0.05
0 0.51953125 0.4171875 0.021875 0.0609375
4 0.53046875 0.38984375 0.01875 0.0609375
4 0.240625 0.43671875 0.015625 0.0703125
2 0.31484375 0.36953125 0.0328125 0.0640625
4 0.3015625 0.425 0.0140625 0.0671875
0 0.52890625 0.409375 0.0203125 0.065625
4 0.99140625 0.60859375 0.0171875 0.10625
0 0.9171875 0.61015625 0.0328125 0.09375
2 0.646875 0.38359375 0.0671875 0.0578125
3 0.2890625 0.48046875 0.046875 0.0859375