2 0.72421875 0.74296875 0.1296875 0.2265625
2 0.53359375 0.64375 0.09375 0.1765625
2 0.40546875 0.51484375 0.06875 0.125
2 0.49921875 0.4640625 0.0609375 0.0890625
2 0.29921875 0.540625 0.0625 0.121875
2 0.440625 0.3734375 0.040625 0.071875
2 0.30625 0.38984375 0.0328125 0.065625
2 0.9140625 0.48125 0.040625 0.0734375
2 0.86875 0.46328125 0.05 0.0734375
2 0.96328125 0.4703125 0.0390625 0.0671875
2 0.3609375 0.39296875 0.0390625 0.06875
2 0.8296875 0.434375 0.05625 0.0625
2 0.38671875 0.35859375 0.0359375 0.059375
2 0.74140625 0.3890625 0.0546875 0.053125
2 0.3328125 0.3296875 0.0296875 0.0546875
4 0.08515625 0.47890625 0.0140625 0.065625
2 0.1375 0.840625 0.1390625 0.209375
3 0.58203125 0.5734375 0.028125 0.075
2 0.9640625 0.390625 0.034375 0.0421875
2 0.98515625 0.36796875 0.0296875 0.0421875
2 0.36015625 0.31171875 0.028125 0.05
2 0.9546875 0.41796875 0.034375 0.05625
4 0.58203125 0.5484375 0.025 0.0546875
2 0.1234375 0.32109375 0.021875 0.046875
2 0.88828125 0.4140625 0.0390625 0.05
4 0.5421875 0.4125 0.0125 0.0625
2 0.92109375 0.43046875 0.0375 0.053125