2 0.65625 0.6203125 0.15 0.121875
2 0.3625 0.515625 0.1109375 0.1109375
2 0.18828125 0.5265625 0.071875 0.1234375
2 0.09765625 0.59609375 0.0546875 0.1453125
2 0.0421875 0.85625 0.084375 0.175
2 0.68515625 0.3796875 0.0328125 0.05625
2 0.18125 0.43125 0.0546875 0.0765625
2 0.23515625 0.396875 0.0671875 0.053125
2 0.0859375 0.43515625 0.0453125 0.096875
2 0.56484375 0.36171875 0.0390625 0.059375
2 0.55234375 0.32890625 0.0359375 0.0453125
2 0.8734375 0.3484375 0.0390625 0.084375
4 0.38125 0.375 0.015625 0.0546875
2 0.60859375 0.37421875 0.0359375 0.0609375
2 0.02109375 0.378125 0.0296875 0.0453125
2 0.6984375 0.340625 0.0265625 0.040625
2 0.015625 0.43515625 0.03125 0.0609375
2 0.05390625 0.46953125 0.04375 0.0671875
4 0.93359375 0.45703125 0.0140625 0.065625
2 0.58984375 0.33046875 0.0328125 0.0546875
4 0.8671875 0.49453125 0.01875 0.0796875
3 0.30859375 0.60859375 0.0515625 0.1015625
4 0.9515625 0.50625 0.0171875 0.0734375
2 0.65078125 0.39375 0.0328125 0.0671875
0 0.6578125 0.434375 0.03125 0.0515625
2 0.0953125 0.39453125 0.0390625 0.046875
2 0.66171875 0.33359375 0.0328125 0.0390625
2 0.70546875 0.31953125 0.0234375 0.03125
2 0.646875 0.290625 0.0265625 0.0359375
3 0.55390625 0.8828125 0.078125 0.15625
4 0.6078125 0.43125 0.0125 0.059375