2 0.2234375 0.446875 0.0703125 0.09375
2 0.86953125 0.70546875 0.06875 0.165625
2 0.14765625 0.46171875 0.053125 0.071875
2 0.90546875 0.55390625 0.0578125 0.10625
2 0.81015625 0.434375 0.0359375 0.0671875
2 0.61484375 0.3015625 0.028125 0.05
2 0.10390625 0.43828125 0.0359375 0.0546875
2 0.87109375 0.34140625 0.0328125 0.075
2 0.08984375 0.49375 0.0390625 0.084375
2 0.84609375 0.409375 0.03125 0.05625
2 0.615625 0.3546875 0.03125 0.0828125
2 0.7953125 0.3578125 0.0265625 0.0546875
2 0.4375 0.36484375 0.0703125 0.059375
2 0.98671875 0.6859375 0.0265625 0.134375
2 0.82265625 0.315625 0.0203125 0.0375
2 0.66171875 0.340625 0.03125 0.0578125
2 0.02421875 0.41328125 0.034375 0.053125
2 0.69765625 0.365625 0.028125 0.0828125
4 0.46484375 0.39296875 0.0140625 0.05625
2 0.784375 0.3109375 0.0203125 0.0453125
2 0.7109375 0.3015625 0.025 0.04375
4 0.38984375 0.396875 0.015625 0.05625
2 0.6734375 0.31015625 0.0234375 0.0484375
2 0.065625 0.45859375 0.0359375 0.0640625
3 0.5234375 0.37578125 0.021875 0.0546875
4 0.01875 0.62421875 0.0203125 0.078125
2 0.07421875 0.41953125 0.0296875 0.0390625
3 0.56953125 0.35625 0.015625 0.0453125
2 0.42578125 0.37734375 0.04375 0.0484375
2 0.00703125 0.39921875 0.0140625 0.05
4 0.37734375 0.353125 0.0125 0.0515625